+17652614644
+18142904347
+16194424543
+16467092024
+17629908721
+18570373787
+19848337071
+13040256789
+18722836862
+15628161084
+17071293608
+13035234044
+17183678867
+15730229433
+16144771919
+18637507757
+16193760726
+15070502035
+16208233132
+14175071580
+16067182235
+13027642027
+12678590538
+17639710573
+12255938878
+18786929093
+15749227801
+12819643220
+12542971261
+15391795673
+16603255868
+14700079029
+15868778460
+14101388292
+17439029100
+17747795685
+16308453969
+19514998184
+14130920771
+12292294113
+13526402148
+19365035587
+16294360970
+12405120082
+18133241030
+12694753762
+18044473977
+19525947766
+13255235631
+19105492627
+18589749024
+14783965372
+19168244398
+16202229920
+16102524091
+14695885750
+13373075481
+14061425418
+19042679350
+12134860072
+13148115343
+17027076659
+16812883091
+12403483175
+19319765640
+19374545022
+18324172067
+13645892827
+13252877386
+16025761088
+17376465267
+14019151767
+12084258742
+19043800980
+13309505743
+18150677516
+19560096666
+19121208578
+19732711453
+19282174136
+13304293103
+18139125228
+17251412082
+13216454780
+18577454861
+19479401755
+16506461680
+15098815772
+18018045840
+18471776577
+18286824673
+12603768753
+12346227927
+19734939193
+12488767837
+13211849563
+12073340499
+15345752122
+14106388380
+18503956534
+15745622632
+12315427082
+17179244288
+14752623246
+17748080767
+19548134309
+16518010265
+16012099937
+19157801745
+18580722965
+15599830183
+15188096979
+14079207524
+19722574560
+12561791025
+17794836774
+13202334586
+17797061615
+17656129129
+19735338409
+16415847793
+19073532181
+14244142406
+13393463375
+15056906118
+17161085949
+15405405129
+17087178460
+18479570064
+18170413774
+17074235208
+17471203516
+16804834110
+17068480185
+15183441726
+13252630322
+19209633274
+19093133576
+16051630813
+18167283126
+17082352003
+18184547079
+15712299279
+18044566614
+18653273740
+12810236387
+14144603153
+17477422941
+15122963186
+14308157630
+16158440223
+12104563186
+16891923991
+13021639480
+13319885592
+13059116664
+13468697623
+19349876356
+13649045520
+12281989172
+17318611130
+19842068770
+14798511786
+12160734065
+15868614094
+15742705718
+13162617260
+17322034725
+14198042471
+13046150875
+16065354977
+12028354360
+18136913585
+16235992462
+15135501729
+19123715146
+16593401632
+17541909749
+15106990791
+17633162560
+18583199568
+16108918752
+17725234721
+19070365818
+12130829769
+16085997786
+16061851407
+16692144038
+18548108007
+19373694604
+15641485659
+17033403715
+14233316746
+15678520236
+14027815860
+12141748566
+16517474296
+18128453546
+14232393295
+18701123930
+12022641503
+16619605750
+12054271060
+18620325182
+15175040680
+16083369457
+19859654472
+13102520698
+18644983954
+19898736521
+15105828841
+12128864204
+19200737918
+19088681267
+12287951148
+19781574654
+15595772026
+15511808710
+15633070158
+12624279109
+13397422175
+18142641408
+17067261047
+18158340834
+17020221088
+14013469514
+19707555047
+15678049082
+14013954378
+13235643430
+13510811350
+16305636682
+19190595031
+16286768206
+16610228962
+19512631415
+15016965869
+18328682681
+13463857046
+12723927268
+15616356862
+18579214428
+14080440658
+13182305041
+14239057010
+16239168821
+14324125283
+15591308840
+16177745542
+14129316246
+15593732550
+16092635972
+13239642811
+15083606469
+19139177120
+14753903206
+14056651770
+18288534996
+15390173645
+12510030406
+12726820029
+15679586061
+14841794172
+17135658436
+14752740119
+13142443435
+15406266379
+15184005915
+15103962105
+15049774266
+16126407643
+17086109993
+15305517303
+12676928977
+17607603300
+19854695799
+19256466937
+12700755769
+16263360023
+17475812984
+12138213448
+19401758711
+17172645825
+12700226555
+16285714054
+19131273987
+12131569757
+13021824977
+15085804180
+12156976251
+13250863398
+16784703449
+17040011249
+19165024311
+15395393769
+15707493597
+12548122985
+13360350020
+13370699650
+18306630041
+13607607065
+19105288557
+18286929103
+13042209701
+12511551203
+16697340465
+16820915448
+18063975874
+17543548167
+13166822047
+15641695280
+15630379224
+18594073216
+13306517986
+17146469101
+13319076690
+19844097070
+14101901613
+13132143821
+19105095509
+13081635618
+18109858716
+16147376602
+19079610707
+19720353299
+14056973514
+18502348763
+12175133829
+13147957765
+16030233315
+18542209323
+18593984947
+18048737096
+19296801841
+17739019659
+19287730499
+16783976939
+15741240043
+15631543773
+19032128815
+12346984618
+19089022521
+18168180459
+13017796307
+13206596419
+17601915783
+17257360231
+15618119379
+17141363844
+16171347387
+15617308821
+14088281672
+13044625610
+19071609860
+18595870027
+12174347838
+16506102188
+17166950629
+16297703098
+17016743372
+12565649450
+18082420926
+15710145452
+14041393552
+14842410609
+14153525719
+15671608946
+16093978560
+18147677412
+16021149769
+13022361645
+12513292044
+16316308197
+12318798775
+19295049180
+16199660050
+15397526652
+19591346586
+13135501156
+19161436270
+19155655359
+14342878929
+18729876188
+16626686097
+19109137240
+18728298220
+17437291775
+12199667979
+16616419114
+17544682449
+12097126648
+14702250690
+19282855756
+12061277410
+15718579323
+18451771033
+19403385933
+13399547597
+14135318747
+13160591497
+13478019287
+19284358317
+16104370391
+14056119738
+15033899946
+15594501048
+17185582700
+14794763276
+14422256084
+15759654963
+17312897412
+13147219495
+19259165555
+12153987335
+19100215264
+19152973129
+15399613610
+12058661591
+13519247071
+18139599897
+18481123912
+12290202983
+16576624066
+16283738763
+18068966339
+17434275725
+13397344198
+19343079931
+16510658735
+13142704286
+12818017932
+19200351104
+14241563077
+18652526487
+14041130284
+12482047049
+19844055146
+17608901472
+13075617772
+15342246572
+13234115956
+15308198998
+12127799417
+17730528873
+13042507147
+15406828642
+15053876268
+17813362102
+14320938947
+18605922926
+16672299078
+13037535651
+12293035861
+13609294806
+19290051136
+15048600833
+13398214111
+12705768667
+13867324266
+15162642249
+14304918178
+17751823836
+15165538039
+18157791687
+16285876475
+13616715314
+15020873128
+15121720460
+15868635307
+12103676676
+14802438507
+14230358137
+15090991183
+13642653890
+16811247525
+19563745780
+18161720173
+12097390930
+18060492844
+18036455150
+16671661030
+18305425051
+12147276864
+12694608756
+12286884345
+18591597839
+12136768833
+13252022124
+15040021246
+16591931178
+12762374836
+12121755133
+19166781259
+12293102699
+16011287541
+15623426789
+17069611646
+16828773550
+12690190842
+18637266133
+17312131655
+12288030263
+15200678955
+17128881976
+15018817920
+13105495558
+12240343363
+14755692557
+18637893779
+14132070296
+13616457506
+15594842169
+14784255996
+16098783655
+19170177885
+13602252118
+13175033781
+16501499476
+18155861840
+16207126231
+17729961443
+16264519918
+17165213834
+14192862738
+16146626934
+17089320345
+17170345200
+12106012894
+17727542334
+19564143822
+14320347363
+13011857359
+18626222035
+17205392809
+16260118571
+16461782976
+19560015340
+17033487042
+18306730868
+19716579543
+19182173922
+18302888543
+17063750220
+16184201151
+19084733471
+13154185694
+16127643596
+15412746615
+19193325841
+13400751766
+14141928454
+12073652588
+12297995507
+17120316772
+17182179113
+19088702340
+19841309059
+18591724341
+16014312869
+15036508609
+12298746769
+19094889269
+18625559343
+13189638721
+14421111314
+15612949751
+14053223512
+15041068418
+15639405874
+19103672146
+16826260081
+16186255751
+18548243959
+18620568041
+18585522036
+14018236351
+16207301411
+19492964538
+19401926357
+16785612008
+12241566695
+16607308164
+17087896653
+13474258986
+14784813602
+15745039578
+17705134535
+17575465401
+13026789645
+17631789044
+12127452670
+19096299073
+18380030574
+18620720472
+14133279459
+18035031969
+19048877117
+12523703222
+12609213569
+12316327459
+18541739818
+18477481772
+13169256338
+13522058388
+17790356332
+17047429873
+19590524289
+14350385960
+17077485541
+15177245484
+19842671911
+18182030684
+18302635547
+19040091850
+17542059288
+16600605514
+16622310268
+15020457488
+16108489877
+19568104641
+16810819215
+12039880789
+18431511171
+13193920529
+18454032088
+18581198962
+17156128266
+12138102403
+19720661020
+18434161341
+12084433604
+16232248361
+13522133214
+17074659151
+12027799717
+14341181071
+15152721104
+12548357105
+12346423639
+12761778231
+17701424812
+14108041153
+19723977129
+14784695732
+14014534966
+13363471777
+17736262763
+14342780865
+17070677998
+19160546755
+19124496451
+14321807332
+16597332101
+14108359690
+17247916159
+14259925775
+17577915824
+18627200981
+14058164260
+13463833601
+16169438639
+14152119097
+15803416370
+17869744785
+12150190266
+14698602372
+17701469147
+19016344055
+15042340043
+12141686774
+13123050730
+19203669585
+13013133098
+14352464244
+16129208848
+16064016595
+17606694798
+12013305952
+16074014340
+15518501831
+12349655889
+15747535866
+19017134585
+17608089026
+18471057153
+18088752059
+18582756766
+19194261034
+14156832104
+18562115746
+18174850867
+12817354942
+12391801022
+12247951074
+16605907604
+12061054228
+13136102202
+15109093507
+17125409694
+12290923085
+18087622401
+12525486496
+15155153324
+19081054228
+18055876244
+19288139534
+17138090767
+15070629285
+19294582243
+19562310100
+17011224607
+13143255230
+15083402759
+14022157848
+16620168152
+14085847477
+15098625347
+19307682490
+13089381645
+18024853914
+15167807921
+18181124210
+17479135612
+12153913306
+17248229501
+19105469768
+18124577561
+14192424997
+13133136644
+13478637133
+12314296236
+16038767320
+17247826926
+13409986131
+16142017996
+13012200541
+16122599898
+18181857217
+18013816337
+16197369268
+17621125657
+17271670807
+17865435127
+17329439899
+15307644322
+17853748319
+17161808339
+18107010875
+16785570989
+13014107440
+12076922638
+13091527923
+15094911371
+19286454191
+15316501901
+12567677564
+12104766296
+14108694689
+12133814032
+18622404404
+16894695636
+16070071893
+17076726472
+13256985308
+14080145074
+12037236694
+15120809538
+15802174246
+15042822224
+19043200588
+18281501181
+17061722177
+17621288671
+13232291772
+19100543841
+17124321355
+13012921407
+15174234456
+16288509070
+12241338260
+17273822347
+14082568170
+18543346840
+18120952908
+17852866037
+17604305225
+13518697806
+19726473782
+13054926263
+12153341157
+18034402387
+12013124055
+19365048688
+17735518775
+17254816248
+12485790241
+18606441289
+17021859438
+13343903535
+17032014216
+18502676148
+13073078716
+19070231389
+16187267667
+19204131993
+19373207774
+12703046311
+16055066480
+18144295654
+12545088902
+17124086590
+19492839956
+12523918110
+18504651021
+19087859913
+14306298565
+14145275724
+16303613409
+17175261468
+18050012165
+13184410960
+12691190578
+15013363789
+13344578594
+13039430545
+15105213640
+12121413076
+15596683620
+19092910296
+17620552253
+17637678565
+18140304068
+13092821374
+17856103451
+15758003042
+19181661382
+12318778788
+13197114003
+15163365161
+12028053994
+12036454594
+13134484897
+18043458701
+12183936605
+14437900424
+15400712149
+18066645459
+13256551403
+15416885344
+13523112164
+16150396277
+17268085169
+16899726395
+16164890435
+15407898545
+17721845951
+15176553644
+18430358830
+15802018156
+13513638568
+18439243507
+13233318934
+15674356893
+14785392817
+16035040306
+19854145319
+18782436544
+14782481889
+13130622663
+17815310413
+13193187666
+13020230614
+12521319368
+15318187753
+16306608882
+15097330688
+18720075375
+19303783367
+18156933491
+12549932047
+19566834699
+17032453976
+14346367117
+14077584311
+12818246577
+18325188966
+18123338594
+15103968904
+12104193071
+14088750329
+14091726236
+17473040129
+13807912015
+13643730769
+12812229651
+12092038233
+13127697080
+12065806931
+16197278411
+18030785001
+19017306919
+17798801351
+16503943530
+19304377728
+13349524804
+13109943182
+18598010729
+16099236205
+16073973380
+19035926853
+13204535898
+15396671493
+12163566509
+14802971427
+14436833528
+12019123349
+13252399535
+16070448981
+13185784183
+15201347682
+13035361419
+18287727690
+17850597673
+15073622043
+19490966458
+15129462735
+18703558867
+17651007832
+18503363679
+18164162676
+13802567510
+17033473041
+15595018797
+17253878702
+12817983287
+14016345887
+16597317551
+19544761451
+13469325498
+14848370929
+15155268066
+18041141709
+12010209279
+13049149135
+14408271715
+17241239197
+17171237709
+14791239532
+18643362166
+13866514282
+12088907404
+19124164850
+16362798779
+12101296846
+14353077666
+18702826033
+17752778996
+18580117848
+14705685541
+17152683172
+15039696030
+12603476499
+15750387042
+12017967096
+18108850776
+14792347022
+17732498452
+17176273162
+19374658979
+13467821508
+12314599803
+12246291629
+15181894594
+15868919485
+12489654811
+17151174451
+19541947443
+15340043599
+13473052997
+14056301513
+19207930182
+13348958547
+14173376653
+12671578445
+18121062496
+17277888697
+13095792360
+19154482620
+12060259978
+12167110905
+17171871748
+13510667863
+17171594004
+13034187218
+17154999430
+19561988492
+18389749300
+15093489543
+12535650019
+15204256670
+15803916579
+14800753462
+16202393414
+17063430555
+15010162722
+17314784827
+14054830014
+17722126734
+18380305359
+12050909617
